15-nearest Neighboors of the sample number: 0, with feature values:    14.230000       1.710000       2.430000       15.600000       127.000000       2.800000       3.060000       0.280000       2.290000       5.640000       1.040000       3.920000       1065.000000       1.000000       
 
    1. Sample nr: 54, with distance: 10.392805 
feature values: 
   13.740000       1.670000       2.250000       16.400000       118.000000       2.600000       2.900000       0.210000       1.620000       5.850000       0.920000       3.200000       1060.000000       1.000000    
 
  2. Sample nr: 45, with distance: 22.340748 
feature values: 
   14.210000       4.040000       2.440000       18.900000       111.000000       2.850000       2.650000       0.300000       1.250000       5.240000       0.870000       3.330000       1080.000000       1.000000    
 
  3. Sample nr: 48, with distance: 24.760233 
feature values: 
   14.100000       2.020000       2.400000       18.799999       103.000000       2.750000       2.920000       0.320000       2.380000       6.200000       1.070000       2.750000       1060.000000       1.000000    
 
  4. Sample nr: 46, with distance: 25.094664 
feature values: 
   14.380000       3.590000       2.280000       16.000000       102.000000       3.250000       3.170000       0.270000       2.190000       4.900000       1.040000       3.440000       1065.000000       1.000000    
 
  5. Sample nr: 1, with distance: 31.265013 
feature values: 
   13.200000       1.780000       2.140000       11.200000       100.000000       2.650000       2.760000       0.260000       1.280000       4.380000       1.050000       3.400000       1050.000000       1.000000    
 
  6. Sample nr: 34, with distance: 34.718304 
feature values: 
   13.510000       1.800000       2.650000       19.000000       110.000000       2.350000       2.530000       0.290000       1.540000       4.200000       1.100000       2.870000       1095.000000       1.000000    
 
  7. Sample nr: 9, with distance: 35.274979 
feature values: 
   13.860000       1.350000       2.270000       16.000000       98.000000       2.980000       3.150000       0.220000       1.850000       7.220000       1.010000       3.550000       1045.000000       1.000000    
 
  8. Sample nr: 8, with distance: 36.116966 
feature values: 
   14.830000       1.640000       2.170000       14.000000       97.000000       2.800000       2.980000       0.290000       1.980000       5.200000       1.080000       2.850000       1045.000000       1.000000    
 
  9. Sample nr: 42, with distance: 39.718414 
feature values: 
   13.880000       1.890000       2.590000       15.000000       101.000000       3.250000       3.560000       0.170000       1.700000       5.430000       0.880000       3.560000       1095.000000       1.000000    
 
  10. Sample nr: 22, with distance: 39.763340 
feature values: 
   13.710000       1.860000       2.360000       16.600000       101.000000       2.610000       2.880000       0.270000       1.690000       3.800000       1.110000       4.000000       1035.000000       1.000000    
 
  11. Sample nr: 29, with distance: 43.161301 
feature values: 
   14.020000       1.680000       2.210000       16.000000       96.000000       2.650000       2.330000       0.260000       1.980000       4.700000       1.040000       3.590000       1035.000000       1.000000    
 
  12. Sample nr: 41, with distance: 47.834938 
feature values: 
   13.410000       3.840000       2.120000       18.799999       90.000000       2.450000       2.680000       0.270000       1.480000       4.280000       0.910000       3.000000       1035.000000       1.000000    
 
  13. Sample nr: 37, with distance: 49.531193 
feature values: 
   13.050000       1.650000       2.550000       18.000000       98.000000       2.450000       2.430000       0.290000       1.440000       4.250000       1.120000       2.510000       1105.000000       1.000000    
 
  14. Sample nr: 38, with distance: 53.609585 
feature values: 
   13.070000       1.500000       2.100000       15.500000       98.000000       2.400000       2.640000       0.280000       1.370000       3.700000       1.180000       2.690000       1020.000000       1.000000    
 
  15. Sample nr: 55, with distance: 56.318417 
feature values: 
   13.560000       1.730000       2.460000       20.500000       116.000000       2.960000       2.780000       0.200000       2.450000       6.250000       0.980000       3.030000       1120.000000       1.000000    
 
  The sample if classified as class = 1 

 

